name: navscript
channels:
  - conda-forge
  - anaconda
  - defaults
dependencies:
  - _tflow_180_select=3.0=eigen
  - absl-py=0.2.2=py36_0
  - astor=0.6.2=py36_0
  - blas=1.0=mkl
  - bleach=1.5.0=py36_0
  - cycler=0.10.0=py36h93f1223_0
  - cython=0.28.3=py36h14c3975_0
  - dbus=1.13.2=h714fa37_1
  - expat=2.2.5=he0dffb1_0
  - fontconfig=2.12.6=h49f89f6_0
  - freetype=2.8=hab7d2ae_1
  - gast=0.2.0=py36_0
  - glib=2.56.1=h000015b_0
  - grpcio=1.12.1=py36hdbcaa40_0
  - gst-plugins-base=1.14.0=hbbd80ab_1
  - gstreamer=1.14.0=hb453b48_1
  - html5lib=0.9999999=py36_0
  - icu=58.2=h9c2bf20_1
  - intel-openmp=2018.0.3=0
  - jpeg=9b=h024ee3a_2
  - kiwisolver=1.0.1=py36h764f252_0
  - libedit=3.1.20170329=h6b74fdf_2
  - libffi=3.2.1=hd88cf55_4
  - libgcc-ng=7.2.0=hdf63c60_3
  - libgfortran-ng=7.2.0=hdf63c60_3
  - libpng=1.6.34=hb9fc6fc_0
  - libprotobuf=3.5.2=h6f1eeef_0
  - libstdcxx-ng=7.2.0=hdf63c60_3
  - libxcb=1.13=h1bed415_1
  - libxml2=2.9.8=h26e45fe_1
  - markdown=2.6.11=py36_0
  - matplotlib=2.2.2=py36h0e671d2_1
  - mkl=2018.0.3=1
  - mkl_fft=1.0.1=py36h3010b51_0
  - mkl_random=1.0.1=py36h629b387_0
  - ncurses=6.1=hf484d3e_0
  - numpy=1.14.5=py36hcd700cb_0
  - numpy-base=1.14.5=py36hdbf6ddf_0
  - pcre=8.42=h439df22_0
  - pip=10.0.1=py36_0
  - protobuf=3.5.2=py36hf484d3e_0
  - pyparsing=2.2.0=py36hee85983_1
  - pyqt=5.9.2=py36h751905a_0
  - python=3.6.5=hc3d631a_2
  - python-dateutil=2.7.3=py36_0
  - pytz=2018.4=py36_0
  - qt=5.9.5=h7e424d6_0
  - readline=7.0=ha6073c6_4
  - setuptools=39.2.0=py36_0
  - sip=4.19.8=py36hf484d3e_0
  - six=1.11.0=py36h372c433_1
  - sqlite=3.24.0=h84994c4_0
  - tensorboard=1.8.0=py36hf484d3e_0
  - tensorflow=1.8.0=h57681fa_0
  - tensorflow-base=1.8.0=py36h5f64886_0
  - termcolor=1.1.0=py36_1
  - tk=8.6.7=hc745277_3
  - tornado=5.0.2=py36_0
  - werkzeug=0.14.1=py36_0
  - wheel=0.31.1=py36_0
  - xz=5.2.4=h14c3975_4
  - zlib=1.2.11=ha838bed_2
  - tensorflow-hub=0.1.0=py_0
  - ca-certificates=2018.03.07=0
  - certifi=2018.4.16=py36_0
  - more-itertools=4.2.0=py36_0
  - openssl=1.0.2o=h20670df_0
  - pip:
    - cachetools==2.1.0
    - chardet==3.0.4
    - dill==0.2.8.2
    - future==0.16.0
    - gapic-google-cloud-datastore-v1==0.15.3
    - gapic-google-cloud-error-reporting-v1beta1==0.15.3
    - gapic-google-cloud-logging-v2==0.91.3
    - google-api-core==0.1.4
    - google-auth==1.5.0
    - google-cloud==0.33.1
    - google-cloud-bigquery==0.28.0
    - google-cloud-bigquery-datatransfer==0.1.1
    - google-cloud-bigtable==0.28.1
    - google-cloud-container==0.1.1
    - google-cloud-core==0.28.1
    - google-cloud-datastore==1.4.0
    - google-cloud-dns==0.28.0
    - google-cloud-error-reporting==0.28.0
    - google-cloud-firestore==0.28.0
    - google-cloud-language==1.0.2
    - google-cloud-logging==1.4.0
    - google-cloud-monitoring==0.28.1
    - google-cloud-pubsub==0.30.1
    - google-cloud-resource-manager==0.28.1
    - google-cloud-runtimeconfig==0.28.1
    - google-cloud-spanner==0.29.0
    - google-cloud-speech==0.30.0
    - google-cloud-storage==1.6.0
    - google-cloud-trace==0.17.0
    - google-cloud-translate==1.3.1
    - google-cloud-videointelligence==1.0.1
    - google-cloud-vision==0.29.0
    - google-gax==0.15.16
    - google-resumable-media==0.3.1
    - googleapis-common-protos==1.5.3
    - grpc-google-iam-v1==0.11.4
    - httplib2==0.11.3
    - idna==2.7
    - oauth2client==3.0.0
    - ply==3.8
    - proto-google-cloud-datastore-v1==0.90.4
    - proto-google-cloud-error-reporting-v1beta1==0.15.3
    - proto-google-cloud-logging-v2==0.91.3
    - psutil==5.4.6
    - pyasn1==0.4.3
    - pyasn1-modules==0.2.2
    - requests==2.19.1
    - rsa==3.4.2
    - sentencepiece==0.1.2
    - urllib3==1.23
prefix: /home/dhhan/anaconda3/envs/navscript

